




Setup

D 354.50,333.25,1

D 354.50,332.50,2

D 354.50,332.75,3

D 353.75,332.00,4

D 353.75,331.50,5

D 354.00,331.25,6

D 353.50,331.50,7

D 353.75,331.50,8

D 353.75,331.00,9

D 352.00,329.75,10

D 351.75,329.00,11

D 351.75,329.25,12

D 351.25,329.00,13

D 351.25,328.75,14

D 351.00,328.50,15

D 351.25,328.25,16

D 350.75,327.50,17

D 350.50,327.50,18

D 350.00,327.25,19

D 350.25,327.25,20

D 350.00,326.50,21

D 349.75,326.50,22

D 349.50,326.25,23

D 349.75,325.75,24

D 349.00,325.75,25

D 348.75,325.25,26

D 348.75,325.00,27

D 348.50,325.00,28

D 349.25,325.75,29

D 349.50,324.25,30

D 348.00,324.50,31

D 348.75,325.25,32

D 349.25,325.00,33

D 348.00,324.75,34

D 348.50,324.00,35

D 348.00,324.25,36

D 347.75,324.00,37

D 347.75,323.75,38

D 348.00,323.25,39

D 347.50,322.75,40

D 347.25,322.25,41

D 346.75,322.50,42

D 346.50,322.50,43

D 346.75,321.50,44

D 346.75,321.75,45

D 346.50,321.50,46

D 346.25,321.25,47

D 346.00,321.25,48

D 345.75,321.25,49

D 345.50,320.75,50

D 345.25,320.50,51

D 345.50,319.50,52

D 345.25,319.75,53

D 345.25,319.75,54

D 344.75,319.25,55

D 344.75,319.00,56

D 344.00,319.25,57

D 343.75,318.75,58

D 344.25,318.75,59

D 344.00,318.25,60

D 343.50,318.00,61

D 342.25,316.75,62

D 342.25,316.75,63

D 341.75,316.25,64

D 341.75,316.00,65

D 342.00,315.25,66

D 340.75,315.75,67

D 341.50,315.50,68

D 341.25,315.00,69

D 341.25,315.00,70

D 340.25,314.25,71

D 340.75,314.50,72

D 340.25,313.50,73

D 340.25,314.00,74

D 339.75,313.50,75

D 339.75,313.00,76

D 339.25,313.00,77

D 339.00,312.75,78

D 339.50,312.75,79

D 339.50,312.25,80

D 338.75,312.25,81

D 339.00,311.75,82

D 338.75,311.75,83

D 338.50,311.25,84

D 338.25,311.75,85

D 338.00,311.25,86

D 337.50,311.00,87

D 337.50,310.25,88

D 337.50,310.50,89

D 337.25,310.25,90

D 337.25,310.00,91

D 337.25,309.25,92

D 336.75,309.50,93

D 336.50,309.25,94

D 336.75,308.75,95

D 336.50,308.50,96

D 336.00,307.50,97

D 336.00,307.75,98

D 335.75,308.00,99

D 335.75,308.00,100

D 335.25,307.00,101

D 335.25,306.75,102

D 335.00,307.25,103

D 335.00,307.00,104

D 334.75,306.50,105

D 334.50,306.00,106

D 334.25,306.00,107

D 334.25,305.75,108

D 333.75,306.00,109

D 334.00,305.25,110

D 333.75,305.25,111

D 333.75,305.25,112

D 333.75,305.00,113

D 333.25,304.75,114

D 332.75,304.25,115

D 332.75,304.25,116

D 332.50,303.75,117

D 332.00,303.50,118

D 332.50,303.25,119

D 332.50,303.00,120

D 332.00,303.00,121

D 331.75,302.75,122

D 331.50,302.50,123

D 331.50,302.25,124

D 331.25,302.00,125

D 331.25,301.50,126

D 331.00,301.50,127

D 330.75,301.25,128

D 330.50,301.00,129

D 330.00,300.75,130

D 329.75,300.50,131

D 330.00,300.25,132

D 330.00,300.50,133

D 329.00,300.00,134

D 329.50,299.75,135

D 329.50,299.25,136

D 328.75,299.25,137

D 329.00,298.75,138

D 328.75,298.50,139

D 328.00,298.75,140

D 328.50,298.50,141

D 328.00,298.00,142

D 328.25,298.25,143

D 328.00,297.75,144

D 327.75,297.50,145

D 327.50,296.75,146

D 327.50,296.75,147

D 327.25,296.75,148

D 327.25,296.50,149

D 326.50,296.25,150

D 326.50,296.00,151

D 326.75,295.75,152

D 326.50,295.75,153

D 326.25,295.75,154

D 326.25,295.75,155

D 326.50,295.00,156

D 326.00,294.50,157

D 326.75,294.25,158

D 325.50,294.75,159

D 325.75,294.25,160

D 325.25,294.25,161

D 324.75,294.00,162

D 324.75,293.75,163

D 324.75,293.00,164

D 324.75,293.50,165

D 324.00,293.25,166

D 325.25,293.25,167

D 324.75,293.00,168

D 324.50,292.75,169

D 324.75,292.50,170

D 324.25,292.50,171

D 324.25,292.50,172

D 324.00,292.50,173

D 323.00,291.50,174

D 322.25,291.00,175

D 322.25,290.75,176

D 322.50,290.75,177

D 322.50,290.50,178

D 322.25,290.50,179

D 322.00,290.00,180

D 321.75,289.75,181

D 322.00,289.50,182

D 321.25,289.25,183

D 321.25,289.00,184

D 321.25,288.75,185

D 321.75,289.25,186

D 320.75,288.50,187

D 321.00,288.50,188

D 320.75,288.25,189

D 320.25,288.25,190

D 320.25,288.25,191

D 319.75,288.00,192

D 320.00,287.75,193

D 320.00,287.25,194

D 319.75,287.25,195

D 319.00,286.25,196

D 319.00,286.50,197

D 319.25,286.50,198

D 319.00,286.25,199

D 319.00,286.00,200

D 318.50,285.50,201

D 319.00,286.00,202

D 318.50,286.00,203

D 318.50,285.00,204

D 318.00,285.25,205

D 317.50,285.00,206

D 317.75,284.75,207

D 317.75,284.50,208

D 317.00,284.50,209

D 317.50,284.25,210

D 317.00,283.75,211

D 316.75,283.75,212

D 317.00,283.75,213

D 316.75,283.25,214

D 316.75,283.00,215

D 316.50,282.50,216

D 316.50,283.00,217

D 316.25,282.75,218

D 316.00,282.50,219

D 315.75,282.25,220

D 315.75,281.75,221

D 314.50,282.00,222

D 315.00,281.75,223

D 315.25,281.50,224

D 315.00,281.25,225

D 315.00,281.25,226

D 314.75,280.75,227

D 314.50,280.75,228

D 314.50,280.75,229

D 314.00,280.50,230

D 314.50,280.25,231

D 314.00,280.25,232

D 314.00,280.00,233

D 313.75,279.75,234

D 314.00,280.00,235

D 313.00,279.00,236

D 313.00,279.25,237

D 313.00,278.75,238

D 312.75,278.75,239

D 312.75,278.75,240

D 312.25,278.50,241

D 312.00,278.00,242

D 312.50,277.75,243

D 312.25,277.50,244

D 311.75,277.50,245

D 312.00,277.25,246

D 311.75,277.00,247

D 311.50,276.50,248

D 311.25,276.50,249

D 311.00,276.50,250

D 311.25,276.50,251

D 310.75,276.25,252

D 310.50,276.00,253

D 310.75,275.50,254

D 309.50,275.75,255

D 310.00,275.25,256

D 309.75,275.25,257

D 310.25,275.00,258

D 309.75,275.00,259

D 309.25,274.75,260

D 309.50,274.50,261

D 308.50,274.25,262

D 309.50,274.25,263

D 308.75,274.00,264

D 309.00,273.75,265

D 308.75,273.50,266

D 308.75,273.25,267

D 308.75,273.50,268

D 308.00,273.00,269

D 308.50,272.75,270

D 307.75,273.00,271

D 307.75,272.00,272

D 307.50,272.25,273

D 307.25,272.00,274

D 307.50,271.75,275

D 307.50,271.75,276

D 307.00,271.50,277

D 307.25,271.25,278

D 307.25,271.50,279

D 307.00,271.00,280

D 306.25,270.50,281

D 306.50,270.75,282

D 306.50,270.25,283

D 306.25,270.25,284

D 306.25,270.00,285

D 306.00,270.25,286

D 306.00,269.75,287

D 305.75,270.00,288

D 305.25,269.25,289

D 305.50,269.50,290

D 305.50,269.00,291

D 305.25,269.25,292

D 305.00,268.50,293

D 304.25,268.75,294

D 305.00,268.50,295

D 304.75,268.25,296

D 304.50,268.25,297

D 304.50,268.00,298

D 304.50,267.50,299

D 304.25,267.75,300

D 304.00,266.75,301

D 303.50,267.25,302

D 303.50,267.00,303

D 303.50,267.00,304

D 303.00,266.75,305

D 303.25,266.00,306

D 303.00,266.00,307

D 302.50,266.25,308

D 302.50,266.25,309

D 303.00,265.00,310

D 302.50,265.75,311

D 302.25,265.50,312

D 302.25,265.50,313

D 302.25,265.00,314

D 302.00,265.25,315

D 302.00,264.75,316

D 301.50,264.25,317

D 301.50,264.00,318

D 301.25,264.00,319

D 301.50,263.75,320

D 301.50,264.50,321

D 301.50,264.25,322

D 300.50,263.75,323

D 300.25,263.75,324

D 300.50,263.75,325

D 300.50,263.25,326

D 300.50,263.25,327

D 300.00,263.00,328

D 300.00,263.00,329

D 300.25,262.75,330

D 299.50,262.50,331

D 299.75,262.25,332

D 299.50,261.75,333

D 299.25,261.50,334

D 299.25,262.00,335

D 299.25,261.25,336

D 299.00,261.25,337

D 299.00,261.50,338

D 298.50,261.00,339

D 298.00,261.00,340

D 298.50,261.00,341

D 298.50,260.50,342

D 298.00,260.50,343

D 297.50,260.25,344

D 297.50,260.25,345

D 297.50,260.25,346

D 297.00,259.75,347

D 297.75,259.75,348

D 297.25,259.25,349

D 297.50,258.75,350

D 297.00,259.25,351

D 296.75,258.75,352

D 297.00,259.00,353

D 296.75,258.75,354

D 296.50,258.00,355

D 296.00,257.75,356

D 295.50,257.25,357

D 295.75,257.75,358

D 296.00,257.25,359

D 295.25,257.25,360

D 295.75,257.25,361

D 295.00,257.00,362

D 295.00,257.00,363

D 295.00,256.75,364

D 294.75,256.50,365

D 295.00,256.50,366

D 294.75,256.25,367

D 294.75,256.25,368

D 295.25,256.25,369

D 294.50,256.25,370

D 294.25,255.75,371

D 294.50,255.75,372

D 294.00,255.50,373

D 294.00,255.25,374

D 293.75,255.25,375

D 293.25,254.75,376

D 293.50,255.25,377

D 293.75,255.25,378

D 293.25,254.75,379

D 293.25,254.75,380

D 293.25,254.50,381

D 293.00,254.75,382

D 293.25,253.50,383

D 292.75,254.00,384

D 293.00,253.50,385

D 293.25,254.25,386

D 293.25,254.25,387

D 292.25,253.25,388

D 292.00,252.50,389

D 291.50,252.50,390

D 291.50,252.50,391

D 292.25,253.25,392

D 291.00,252.50,393

D 291.50,251.75,394

D 292.00,253.00,395

D 291.50,253.00,396

D 290.50,251.75,397

D 291.25,251.75,398

D 291.50,252.50,399

D 291.50,252.25,400

D 291.25,252.00,401

D 291.25,251.75,402

D 290.75,251.50,403

D 290.75,251.25,404

D 290.00,250.75,405

D 289.75,250.00,406

D 289.75,250.25,407

D 289.75,250.25,408

D 289.25,249.75,409

D 289.25,250.00,410

D 289.25,249.00,411

D 289.00,249.75,412

D 289.00,249.00,413

D 289.00,248.50,414

D 288.75,249.25,415

D 288.50,248.75,416

D 287.75,248.75,417

D 288.00,248.50,418

D 287.75,248.25,419

D 287.75,248.25,420

D 287.75,248.25,421

D 288.00,248.00,422

D 288.00,248.00,423

D 287.75,247.75,424

D 287.50,247.50,425

D 287.25,247.50,426

D 287.50,247.25,427

D 286.75,247.00,428

D 286.75,247.00,429

D 287.00,246.25,430

D 287.25,246.50,431

D 286.75,246.50,432

D 285.75,246.25,433

D 285.50,246.25,434

D 286.00,245.75,435

D 286.00,245.50,436

D 286.00,245.50,437

D 285.75,245.25,438

D 285.75,245.25,439

D 285.50,245.50,440

D 285.50,245.25,441

D 285.50,244.75,442

D 285.25,244.50,443

D 285.25,244.50,444

D 284.50,244.25,445

D 284.50,243.75,446

D 284.75,244.25,447

D 284.75,244.00,448

D 284.75,243.75,449

D 284.00,243.75,450

D 284.25,243.75,451

D 284.00,243.75,452

D 284.25,243.25,453

D 283.75,242.50,454

D 283.75,243.25,455

D 283.75,243.00,456

D 283.25,242.50,457

D 283.25,242.75,458

D 283.25,242.50,459

D 283.00,242.75,460

D 283.00,242.50,461

D 283.00,241.75,462

D 282.75,241.75,463

D 282.75,241.25,464

D 281.75,241.25,465

D 282.50,241.50,466

D 282.25,241.00,467

D 282.00,241.00,468

D 282.00,241.00,469

D 281.50,240.50,470

D 281.75,240.50,471

D 281.50,240.50,472

D 281.50,240.00,473

D 281.25,240.50,474

D 280.50,240.25,475

D 281.00,240.00,476

D 280.75,239.75,477

D 280.75,239.75,478

D 280.75,239.50,479

D 280.50,239.50,480

D 280.25,239.50,481

D 280.00,238.75,482

D 280.25,239.00,483

D 280.00,239.00,484

D 279.75,238.50,485

D 279.75,238.75,486

D 279.75,238.25,487

D 279.75,237.75,488

D 279.50,238.25,489

D 279.25,238.25,490

D 279.00,238.00,491

